{
  "frame_000778_left": {
    "pred_cam_t": [
      0.015201829373836517,
      0.02830067276954651,
      2.2521750926971436
    ],
    "global_orient": [
      [
        [
          -0.13568800687789917,
          -0.04783663898706436,
          0.9895961880683899
        ],
        [
          -0.8652603030204773,
          -0.48082634806632996,
          -0.14188270270824432
        ],
        [
          0.4826110601425171,
          -0.875510036945343,
          0.023851223289966583
        ]
      ]
    ],
    "is_right": false,
    "scaled_focal_length": 967.5
  },
  "frame_000059_left": {
    "pred_cam_t": [
      -0.06844945251941681,
      -0.03369157761335373,
      2.073517084121704
    ],
    "global_orient": [
      [
        [
          0.46031469106674194,
          -0.3044697344303131,
          0.8339115381240845
        ],
        [
          -0.6363178491592407,
          -0.768173336982727,
          0.07077597826719284
        ],
        [
          0.6190395355224609,
          -0.5632120370864868,
          -0.547340989112854
        ]
      ]
    ],
    "is_right": false,
    "scaled_focal_length": 967.5
  },
  "frame_000674_left": {
    "pred_cam_t": [
      -0.029611967504024506,
      -0.06672478467226028,
      1.817758560180664
    ],
    "global_orient": [
      [
        [
          0.4937060475349426,
          -0.17572897672653198,
          0.851688802242279
        ],
        [
          -0.5369216799736023,
          -0.8320060968399048,
          0.13957436382770538
        ],
        [
          0.6840829849243164,
          -0.5261988639831543,
          -0.5051191449165344
        ]
      ]
    ],
    "is_right": false,
    "scaled_focal_length": 967.5
  },
  "frame_000895_left": {
    "pred_cam_t": [
      -0.006265625357627869,
      0.025111079216003418,
      2.0808088779449463
    ],
    "global_orient": [
      [
        [
          -0.2500513195991516,
          -0.12770915031433105,
          0.9597733020782471
        ],
        [
          -0.680457592010498,
          -0.682009756565094,
          -0.26803019642829895
        ],
        [
          0.6888046860694885,
          -0.720106303691864,
          0.08363678306341171
        ]
      ]
    ],
    "is_right": false,
    "scaled_focal_length": 967.5
  },
  "frame_000745_left": {
    "pred_cam_t": [
      0.054457224905490875,
      -0.07547303289175034,
      1.9696577787399292
    ],
    "global_orient": [
      [
        [
          0.3081614077091217,
          -0.2738649845123291,
          0.9110623002052307
        ],
        [
          -0.640701949596405,
          -0.7676612138748169,
          -0.014045048505067825
        ],
        [
          0.7032336592674255,
          -0.5793912410736084,
          -0.4120293855667114
        ]
      ]
    ],
    "is_right": false,
    "scaled_focal_length": 967.5
  },
  "frame_000731_left": {
    "pred_cam_t": [
      0.03565104305744171,
      -0.046708833426237106,
      2.1466145515441895
    ],
    "global_orient": [
      [
        [
          0.600273847579956,
          -0.251178503036499,
          0.759329080581665
        ],
        [
          -0.5954797267913818,
          -0.7741605043411255,
          0.214661106467247
        ],
        [
          0.5339243412017822,
          -0.5810205340385437,
          -0.6142799854278564
        ]
      ]
    ],
    "is_right": false,
    "scaled_focal_length": 967.5
  },
  "frame_000093_left": {
    "pred_cam_t": [
      -0.13886956870555878,
      -0.10176339745521545,
      1.9696089029312134
    ],
    "global_orient": [
      [
        [
          0.3312194347381592,
          -0.11200322210788727,
          0.9368825554847717
        ],
        [
          -0.5448285341262817,
          -0.8333759307861328,
          0.09298605471849442
        ],
        [
          0.7703606486320496,
          -0.5412391424179077,
          -0.3370528519153595
        ]
      ]
    ],
    "is_right": false,
    "scaled_focal_length": 967.5
  },
  "frame_000945_left": {
    "pred_cam_t": [
      0.02008790522813797,
      0.013610102236270905,
      1.9232194423675537
    ],
    "global_orient": [
      [
        [
          -0.132667675614357,
          -0.9648595452308655,
          0.22681580483913422
        ],
        [
          -0.7917979955673218,
          -0.03447996824979782,
          -0.6098089218139648
        ],
        [
          0.5962005257606506,
          -0.26049426198005676,
          -0.7593994736671448
        ]
      ]
    ],
    "is_right": false,
    "scaled_focal_length": 967.5
  },
  "frame_000566_left": {
    "pred_cam_t": [
      -0.02540096640586853,
      0.05211222171783447,
      2.3037381172180176
    ],
    "global_orient": [
      [
        [
          -0.6621996164321899,
          -0.05676554888486862,
          0.7471742630004883
        ],
        [
          -0.586571991443634,
          -0.5812186598777771,
          -0.5640196204185486
        ],
        [
          0.46628856658935547,
          -0.8117650747299194,
          0.3515856862068176
        ]
      ]
    ],
    "is_right": false,
    "scaled_focal_length": 967.5
  },
  "frame_000489_left": {
    "pred_cam_t": [
      0.17193834483623505,
      -0.03875107690691948,
      2.2371253967285156
    ],
    "global_orient": [
      [
        [
          -0.07072754204273224,
          0.10335396230220795,
          0.9921267628669739
        ],
        [
          -0.6238567233085632,
          -0.7806694507598877,
          0.036851562559604645
        ],
        [
          0.7783317565917969,
          -0.6163385510444641,
          0.11969289183616638
        ]
      ]
    ],
    "is_right": false,
    "scaled_focal_length": 967.5
  },
  "frame_000026_left": {
    "pred_cam_t": [
      -0.032184965908527374,
      -0.2646532952785492,
      2.57793927192688
    ],
    "global_orient": [
      [
        [
          0.3851906955242157,
          -0.9218999147415161,
          -0.04157765209674835
        ],
        [
          -0.7743525505065918,
          -0.2983769178390503,
          -0.557986855506897
        ],
        [
          0.5020021796226501,
          0.24712711572647095,
          -0.828807532787323
        ]
      ]
    ],
    "is_right": false,
    "scaled_focal_length": 967.5
  },
  "frame_000856_left": {
    "pred_cam_t": [
      0.05549444630742073,
      0.024272844195365906,
      2.3493764400482178
    ],
    "global_orient": [
      [
        [
          -0.10404682159423828,
          0.01009572297334671,
          0.9945212006568909
        ],
        [
          -0.7042533755302429,
          -0.7068270444869995,
          -0.06650375574827194
        ],
        [
          0.7022830247879028,
          -0.7073143720626831,
          0.08065305650234222
        ]
      ]
    ],
    "is_right": false,
    "scaled_focal_length": 967.5
  },
  "frame_000804_left": {
    "pred_cam_t": [
      -0.029914461076259613,
      0.03888208419084549,
      2.021313428878784
    ],
    "global_orient": [
      [
        [
          -0.16865037381649017,
          -0.2349068969488144,
          0.9572750926017761
        ],
        [
          -0.7269565463066101,
          -0.6262228488922119,
          -0.28174296021461487
        ],
        [
          0.6656509041786194,
          -0.743413507938385,
          -0.06515439599752426
        ]
      ]
    ],
    "is_right": false,
    "scaled_focal_length": 967.5
  },
  "frame_000555_left": {
    "pred_cam_t": [
      0.0077691227197647095,
      0.04032261669635773,
      2.3244738578796387
    ],
    "global_orient": [
      [
        [
          -0.6392505764961243,
          -0.1378273069858551,
          0.7565463185310364
        ],
        [
          -0.49734199047088623,
          -0.6762616038322449,
          -0.5434346199035645
        ],
        [
          0.5865234136581421,
          -0.7236531376838684,
          0.3637533187866211
        ]
      ]
    ],
    "is_right": false,
    "scaled_focal_length": 967.5
  },
  "frame_001032_left": {
    "pred_cam_t": [
      -0.25483590364456177,
      -0.12236997485160828,
      2.9038546085357666
    ],
    "global_orient": [
      [
        [
          -0.41556209325790405,
          -0.25504976511001587,
          0.8730737566947937
        ],
        [
          -0.37476328015327454,
          -0.826604962348938,
          -0.41985324025154114
        ],
        [
          0.8287705779075623,
          -0.5016710758209229,
          0.2479224056005478
        ]
      ]
    ],
    "is_right": false,
    "scaled_focal_length": 967.5
  },
  "frame_000456_left": {
    "pred_cam_t": [
      0.10191947221755981,
      -0.016128554940223694,
      2.283374547958374
    ],
    "global_orient": [
      [
        [
          0.4846607744693756,
          -0.7432130575180054,
          0.4612356722354889
        ],
        [
          -0.8136967420578003,
          -0.5765581727027893,
          -0.07401572167873383
        ],
        [
          0.3209386467933655,
          -0.3394334316253662,
          -0.8841851949691772
        ]
      ]
    ],
    "is_right": false,
    "scaled_focal_length": 967.5
  },
  "frame_001008_left": {
    "pred_cam_t": [
      -0.02253592014312744,
      -0.007116548717021942,
      2.1421332359313965
    ],
    "global_orient": [
      [
        [
          -0.007137607783079147,
          0.2059447318315506,
          0.9785376191139221
        ],
        [
          -0.6519765257835388,
          -0.7429288625717163,
          0.15160247683525085
        ],
        [
          0.7582055330276489,
          -0.6369014978408813,
          0.139573872089386
        ]
      ]
    ],
    "is_right": false,
    "scaled_focal_length": 967.5
  },
  "frame_000907_left": {
    "pred_cam_t": [
      0.018280193209648132,
      0.019357122480869293,
      1.924050211906433
    ],
    "global_orient": [
      [
        [
          -0.32223230600357056,
          -0.146930992603302,
          0.9351884722709656
        ],
        [
          -0.5811630487442017,
          -0.749107301235199,
          -0.31794291734695435
        ],
        [
          0.7472721934318542,
          -0.6459485292434692,
          0.155995711684227
        ]
      ]
    ],
    "is_right": false,
    "scaled_focal_length": 967.5
  },
  "frame_000852_left": {
    "pred_cam_t": [
      0.029938198626041412,
      0.026997998356819153,
      2.3718984127044678
    ],
    "global_orient": [
      [
        [
          -0.17509377002716064,
          0.004770741332322359,
          0.9845402240753174
        ],
        [
          -0.7089496850967407,
          -0.6945005655288696,
          -0.12271656841039658
        ],
        [
          0.6831783056259155,
          -0.7194763422012329,
          0.12498493492603302
        ]
      ]
    ],
    "is_right": false,
    "scaled_focal_length": 967.5
  },
  "frame_001035_left": {
    "pred_cam_t": [
      -0.3426564335823059,
      -0.1874837428331375,
      3.2907931804656982
    ],
    "global_orient": [
      [
        [
          -0.4999980926513672,
          -0.2865387201309204,
          0.8172500133514404
        ],
        [
          -0.4694567322731018,
          -0.7033193111419678,
          -0.5338093638420105
        ],
        [
          0.7277446985244751,
          -0.6505671143531799,
          0.2171407788991928
        ]
      ]
    ],
    "is_right": false,
    "scaled_focal_length": 967.5
  },
  "frame_000806_left": {
    "pred_cam_t": [
      -0.03631602227687836,
      0.04172193259000778,
      2.0648868083953857
    ],
    "global_orient": [
      [
        [
          -0.1704411506652832,
          -0.25367504358291626,
          0.952154815196991
        ],
        [
          -0.7715387344360352,
          -0.5667041540145874,
          -0.2890923321247101
        ],
        [
          0.61292564868927,
          -0.7838975191116333,
          -0.09913041442632675
        ]
      ]
    ],
    "is_right": false,
    "scaled_focal_length": 967.5
  },
  "frame_000910_left": {
    "pred_cam_t": [
      0.02446206659078598,
      0.01723729446530342,
      1.857981562614441
    ],
    "global_orient": [
      [
        [
          -0.2980072796344757,
          -0.24443329870700836,
          0.9227372407913208
        ],
        [
          -0.3821946680545807,
          -0.8552404642105103,
          -0.3499870300292969
        ],
        [
          0.8747107982635498,
          -0.4569639265537262,
          0.16144677996635437
        ]
      ]
    ],
    "is_right": false,
    "scaled_focal_length": 967.5
  },
  "frame_000527_left": {
    "pred_cam_t": [
      0.14303718507289886,
      0.023957163095474243,
      2.0688767433166504
    ],
    "global_orient": [
      [
        [
          -0.32322266697883606,
          -0.05074499920010567,
          0.944961428642273
        ],
        [
          -0.5600331425666809,
          -0.7946684956550598,
          -0.23423269391059875
        ],
        [
          0.7628171443939209,
          -0.6049190163612366,
          0.22843599319458008
        ]
      ]
    ],
    "is_right": false,
    "scaled_focal_length": 967.5
  },
  "frame_000773_left": {
    "pred_cam_t": [
      0.006459929049015045,
      0.0016152337193489075,
      2.151644706726074
    ],
    "global_orient": [
      [
        [
          -0.13030128180980682,
          -0.12790167331695557,
          0.9831900596618652
        ],
        [
          -0.8405443429946899,
          -0.5116789937019348,
          -0.1779600977897644
        ],
        [
          0.5258390307426453,
          -0.8496032953262329,
          -0.04083459824323654
        ]
      ]
    ],
    "is_right": false,
    "scaled_focal_length": 967.5
  },
  "frame_000667_left": {
    "pred_cam_t": [
      0.01665089651942253,
      -0.021999280899763107,
      2.1776888370513916
    ],
    "global_orient": [
      [
        [
          0.5833066701889038,
          -0.08711200952529907,
          0.807567298412323
        ],
        [
          -0.577028214931488,
          -0.7441751956939697,
          0.3365141749382019
        ],
        [
          0.5716570615768433,
          -0.6622800230979919,
          -0.48434844613075256
        ]
      ]
    ],
    "is_right": false,
    "scaled_focal_length": 967.5
  },
  "frame_000784_left": {
    "pred_cam_t": [
      0.03306993842124939,
      0.02360772341489792,
      2.131908655166626
    ],
    "global_orient": [
      [
        [
          -0.20380525290966034,
          -0.11357364803552628,
          0.9724014401435852
        ],
        [
          -0.7831457257270813,
          -0.5771217942237854,
          -0.2315453737974167
        ],
        [
          0.587491512298584,
          -0.8087221384048462,
          0.028675734996795654
        ]
      ]
    ],
    "is_right": false,
    "scaled_focal_length": 967.5
  },
  "frame_001041_left": {
    "pred_cam_t": [
      -0.4566354751586914,
      -0.2846433222293854,
      3.873779296875
    ],
    "global_orient": [
      [
        [
          -0.5290095210075378,
          -0.39908066391944885,
          0.7489216327667236
        ],
        [
          -0.41338032484054565,
          -0.6495495438575745,
          -0.6381239295005798
        ],
        [
          0.7411246299743652,
          -0.6471630334854126,
          0.1786457896232605
        ]
      ]
    ],
    "is_right": false,
    "scaled_focal_length": 967.5
  },
  "frame_001041_right": {
    "pred_cam_t": [
      -6.792920112609863,
      -2.4979493618011475,
      45.35081481933594
    ],
    "global_orient": [
      [
        [
          0.7811384797096252,
          0.5013719797134399,
          -0.3720870912075043
        ],
        [
          0.14213061332702637,
          -0.7230983972549438,
          -0.6759641766548157
        ],
        [
          -0.6079650521278381,
          0.4751366674900055,
          -0.6361002922058105
        ]
      ]
    ],
    "is_right": true,
    "scaled_focal_length": 967.5
  },
  "frame_000006_left": {
    "pred_cam_t": [
      -0.09840790927410126,
      -0.3385538160800934,
      3.0365447998046875
    ],
    "global_orient": [
      [
        [
          -0.03551248833537102,
          -0.6327748894691467,
          0.7735211253166199
        ],
        [
          -0.5294930934906006,
          -0.6445281505584717,
          -0.5515619516372681
        ],
        [
          0.8475705981254578,
          -0.42916139960289,
          -0.3121611177921295
        ]
      ]
    ],
    "is_right": false,
    "scaled_focal_length": 967.5
  },
  "frame_000634_left": {
    "pred_cam_t": [
      0.051441680639982224,
      -0.054530441761016846,
      1.7922685146331787
    ],
    "global_orient": [
      [
        [
          -0.2200765311717987,
          -0.033110734075307846,
          0.9749205708503723
        ],
        [
          -0.6329352855682373,
          -0.7556368112564087,
          -0.1685408055782318
        ],
        [
          0.7422663569450378,
          -0.6541534662246704,
          0.14534097909927368
        ]
      ]
    ],
    "is_right": false,
    "scaled_focal_length": 967.5
  },
  "frame_000207_left": {
    "pred_cam_t": [
      -0.12053646147251129,
      0.0016713589429855347,
      2.0747756958007812
    ],
    "global_orient": [
      [
        [
          -0.4163872301578522,
          0.006647783797234297,
          0.9091630578041077
        ],
        [
          -0.57566237449646,
          -0.7759267687797546,
          -0.2579738199710846
        ],
        [
          0.703728973865509,
          -0.6307879686355591,
          0.32691287994384766
        ]
      ]
    ],
    "is_right": false,
    "scaled_focal_length": 967.5
  },
  "frame_000294_left": {
    "pred_cam_t": [
      0.21224470436573029,
      -0.035649579018354416,
      1.9070521593093872
    ],
    "global_orient": [
      [
        [
          -0.02269021049141884,
          0.1845475137233734,
          0.9825616478919983
        ],
        [
          -0.6467787623405457,
          -0.7521416544914246,
          0.12633338570594788
        ],
        [
          0.7623401284217834,
          -0.6326335072517395,
          0.13642767071723938
        ]
      ]
    ],
    "is_right": false,
    "scaled_focal_length": 967.5
  },
  "frame_000502_left": {
    "pred_cam_t": [
      0.23058630526065826,
      -0.004803217947483063,
      2.2103259563446045
    ],
    "global_orient": [
      [
        [
          -0.17813175916671753,
          0.09654780477285385,
          0.9792587757110596
        ],
        [
          -0.6334747076034546,
          -0.772777795791626,
          -0.03904173523187637
        ],
        [
          0.7529800534248352,
          -0.6272901892662048,
          0.19881686568260193
        ]
      ]
    ],
    "is_right": false,
    "scaled_focal_length": 967.5
  },
  "frame_000045_left": {
    "pred_cam_t": [
      -0.028848126530647278,
      -0.09262991696596146,
      1.9118943214416504
    ],
    "global_orient": [
      [
        [
          0.4829666316509247,
          -0.3868192732334137,
          0.7855660915374756
        ],
        [
          -0.5924732685089111,
          -0.8049498796463013,
          -0.03211100399494171
        ],
        [
          0.6447624564170837,
          -0.44991832971572876,
          -0.6179440021514893
        ]
      ]
    ],
    "is_right": false,
    "scaled_focal_length": 967.5
  },
  "frame_001043_left": {
    "pred_cam_t": [
      -0.5066123604774475,
      -0.32816892862319946,
      4.2513861656188965
    ],
    "global_orient": [
      [
        [
          -0.5644140839576721,
          -0.32248014211654663,
          0.7598968744277954
        ],
        [
          -0.5180555582046509,
          -0.5783198475837708,
          -0.6302099227905273
        ],
        [
          0.6426936388015747,
          -0.7493681907653809,
          0.1593492478132248
        ]
      ]
    ],
    "is_right": false,
    "scaled_focal_length": 967.5
  },
  "frame_001043_right": {
    "pred_cam_t": [
      -1.2023124694824219,
      -0.5024356245994568,
      7.475630760192871
    ],
    "global_orient": [
      [
        [
          -0.19524742662906647,
          -0.0777202919125557,
          0.9776697158813477
        ],
        [
          -0.4798441231250763,
          -0.8618249297142029,
          -0.1643393635749817
        ],
        [
          0.8553525805473328,
          -0.5012158751487732,
          0.13097546994686127
        ]
      ]
    ],
    "is_right": true,
    "scaled_focal_length": 967.5
  },
  "frame_000799_left": {
    "pred_cam_t": [
      -0.021172642707824707,
      0.03392363339662552,
      1.962599754333496
    ],
    "global_orient": [
      [
        [
          -0.19453170895576477,
          -0.15076777338981628,
          0.9692401885986328
        ],
        [
          -0.6747545599937439,
          -0.6966161131858826,
          -0.24378728866577148
        ],
        [
          0.7119436264038086,
          -0.7014235854148865,
          0.033782683312892914
        ]
      ]
    ],
    "is_right": false,
    "scaled_focal_length": 967.5
  },
  "frame_000381_left": {
    "pred_cam_t": [
      -0.015301242470741272,
      -0.10133595764636993,
      1.6264668703079224
    ],
    "global_orient": [
      [
        [
          -0.28817394375801086,
          0.18229615688323975,
          0.940065860748291
        ],
        [
          -0.6292340755462646,
          -0.776058554649353,
          -0.04239744320511818
        ],
        [
          0.7218173146247864,
          -0.6037393808364868,
          0.33834680914878845
        ]
      ]
    ],
    "is_right": false,
    "scaled_focal_length": 967.5
  },
  "frame_000659_left": {
    "pred_cam_t": [
      0.025351256132125854,
      0.00789184495806694,
      2.2861275672912598
    ],
    "global_orient": [
      [
        [
          0.6626361608505249,
          -0.0751040130853653,
          0.7451662421226501
        ],
        [
          -0.5755742788314819,
          -0.6876715421676636,
          0.4425179362297058
        ],
        [
          0.4791947603225708,
          -0.7221269011497498,
          -0.49890395998954773
        ]
      ]
    ],
    "is_right": false,
    "scaled_focal_length": 967.5
  },
  "frame_000953_left": {
    "pred_cam_t": [
      0.028225429356098175,
      0.022238977253437042,
      1.9759927988052368
    ],
    "global_orient": [
      [
        [
          -0.12305538356304169,
          -0.985866904258728,
          -0.11368312686681747
        ],
        [
          -0.7376337647438049,
          0.1674967110157013,
          -0.6540957689285278
        ],
        [
          0.663892924785614,
          0.003366502933204174,
          -0.7478200793266296
        ]
      ]
    ],
    "is_right": false,
    "scaled_focal_length": 967.5
  },
  "frame_000680_left": {
    "pred_cam_t": [
      -0.06493432074785233,
      -0.07427343726158142,
      1.6987031698226929
    ],
    "global_orient": [
      [
        [
          0.3416454493999481,
          -0.27160727977752686,
          0.8997266292572021
        ],
        [
          -0.5934394001960754,
          -0.8046867847442627,
          -0.017575202509760857
        ],
        [
          0.7287715673446655,
          -0.5279287695884705,
          -0.436100035905838
        ]
      ]
    ],
    "is_right": false,
    "scaled_focal_length": 967.5
  },
  "frame_000879_left": {
    "pred_cam_t": [
      -0.0363454595208168,
      0.04405023157596588,
      2.217451810836792
    ],
    "global_orient": [
      [
        [
          0.7831353545188904,
          -0.23285242915153503,
          0.5766097903251648
        ],
        [
          -0.4951778054237366,
          -0.7944082617759705,
          0.351730614900589
        ],
        [
          0.3761622905731201,
          -0.5609769821166992,
          -0.7374325394630432
        ]
      ]
    ],
    "is_right": false,
    "scaled_focal_length": 967.5
  },
  "frame_000319_left": {
    "pred_cam_t": [
      0.10091277956962585,
      -0.029004521667957306,
      1.7669419050216675
    ],
    "global_orient": [
      [
        [
          -0.15690121054649353,
          0.2040807157754898,
          0.9662986397743225
        ],
        [
          -0.6585760116577148,
          -0.7507416009902954,
          0.05162016674876213
        ],
        [
          0.7359752655029297,
          -0.6282818913459778,
          0.25219494104385376
        ]
      ]
    ],
    "is_right": false,
    "scaled_focal_length": 967.5
  },
  "frame_000601_left": {
    "pred_cam_t": [
      -0.020240850746631622,
      -0.08991435170173645,
      1.5112099647521973
    ],
    "global_orient": [
      [
        [
          -0.4428524374961853,
          -0.1000370979309082,
          0.8909962773323059
        ],
        [
          -0.46849942207336426,
          -0.8214770555496216,
          -0.32509034872055054
        ],
        [
          0.7644540667533875,
          -0.5613982677459717,
          0.3169257938861847
        ]
      ]
    ],
    "is_right": false,
    "scaled_focal_length": 967.5
  },
  "frame_000025_left": {
    "pred_cam_t": [
      -0.02103298157453537,
      -0.2469034343957901,
      2.3259427547454834
    ],
    "global_orient": [
      [
        [
          0.4246270954608917,
          -0.869888961315155,
          0.25096845626831055
        ],
        [
          -0.7588097453117371,
          -0.4931508004665375,
          -0.4254528284072876
        ],
        [
          0.49386194348335266,
          -0.009778542444109917,
          -0.8694853782653809
        ]
      ]
    ],
    "is_right": false,
    "scaled_focal_length": 967.5
  },
  "frame_000744_left": {
    "pred_cam_t": [
      0.05024180933833122,
      -0.07094142585992813,
      1.9789255857467651
    ],
    "global_orient": [
      [
        [
          0.3864448070526123,
          -0.28853079676628113,
          0.8760197162628174
        ],
        [
          -0.6220890879631042,
          -0.7827703356742859,
          0.016608936712145805
        ],
        [
          0.680929958820343,
          -0.5513806939125061,
          -0.48198938369750977
        ]
      ]
    ],
    "is_right": false,
    "scaled_focal_length": 967.5
  },
  "frame_000898_left": {
    "pred_cam_t": [
      -0.007152236998081207,
      0.022742725908756256,
      2.1086835861206055
    ],
    "global_orient": [
      [
        [
          -0.29633888602256775,
          -0.0734943374991417,
          0.9522508382797241
        ],
        [
          -0.6865484714508057,
          -0.6767258048057556,
          -0.26588213443756104
        ],
        [
          0.6639536619186401,
          -0.7325575947761536,
          0.1500827521085739
        ]
      ]
    ],
    "is_right": false,
    "scaled_focal_length": 967.5
  },
  "frame_000421_left": {
    "pred_cam_t": [
      0.11102955043315887,
      -0.03188149258494377,
      2.138364553451538
    ],
    "global_orient": [
      [
        [
          -0.11606042087078094,
          -0.05489127337932587,
          0.9917242527008057
        ],
        [
          -0.7056781053543091,
          -0.6980855464935303,
          -0.12122330814599991
        ],
        [
          0.6989623308181763,
          -0.7139073014259338,
          0.0422845333814621
        ]
      ]
    ],
    "is_right": false,
    "scaled_focal_length": 967.5
  },
  "frame_000340_left": {
    "pred_cam_t": [
      0.10941104590892792,
      -0.05046367645263672,
      1.7468489408493042
    ],
    "global_orient": [
      [
        [
          -0.15473122894763947,
          0.15343976020812988,
          0.9759683609008789
        ],
        [
          -0.6215375065803528,
          -0.7829992175102234,
          0.02456222102046013
        ],
        [
          0.7679513692855835,
          -0.6028004288673401,
          0.21652299165725708
        ]
      ]
    ],
    "is_right": false,
    "scaled_focal_length": 967.5
  },
  "frame_000954_left": {
    "pred_cam_t": [
      0.0327242910861969,
      0.02221059799194336,
      1.9528090953826904
    ],
    "global_orient": [
      [
        [
          -0.15775497257709503,
          -0.9868317246437073,
          -0.03572676330804825
        ],
        [
          -0.7343847751617432,
          0.14143189787864685,
          -0.663834273815155
        ],
        [
          0.6601456999778748,
          -0.07848596572875977,
          -0.7470257878303528
        ]
      ]
    ],
    "is_right": false,
    "scaled_focal_length": 967.5
  },
  "frame_000469_left": {
    "pred_cam_t": [
      0.1222270280122757,
      -0.02410782501101494,
      2.2173004150390625
    ],
    "global_orient": [
      [
        [
          0.508743941783905,
          -0.6806250214576721,
          0.5271898508071899
        ],
        [
          -0.7785934209823608,
          -0.6250583529472351,
          -0.05562644079327583
        ],
        [
          0.3673851788043976,
          -0.38216692209243774,
          -0.8479248285293579
        ]
      ]
    ],
    "is_right": false,
    "scaled_focal_length": 967.5
  },
  "frame_000484_left": {
    "pred_cam_t": [
      0.13842988014221191,
      -0.04333939403295517,
      2.195347309112549
    ],
    "global_orient": [
      [
        [
          -0.09091684967279434,
          -0.016531234607100487,
          0.9957212209701538
        ],
        [
          -0.6749066114425659,
          -0.7342020273208618,
          -0.07381347566843033
        ],
        [
          0.7322808504104614,
          -0.6787297129631042,
          0.055594295263290405
        ]
      ]
    ],
    "is_right": false,
    "scaled_focal_length": 967.5
  },
  "frame_000458_left": {
    "pred_cam_t": [
      0.11751189827919006,
      -0.013371467590332031,
      2.360727548599243
    ],
    "global_orient": [
      [
        [
          0.48851102590560913,
          -0.7455214262008667,
          0.45338156819343567
        ],
        [
          -0.816085159778595,
          -0.5742668509483337,
          -0.06498197466135025
        ],
        [
          0.3088074326515198,
          -0.33825355768203735,
          -0.888944685459137
        ]
      ]
    ],
    "is_right": false,
    "scaled_focal_length": 967.5
  },
  "frame_000720_left": {
    "pred_cam_t": [
      0.03479469567537308,
      -0.06055416166782379,
      2.167501211166382
    ],
    "global_orient": [
      [
        [
          0.6076673865318298,
          -0.26165127754211426,
          0.7498525381088257
        ],
        [
          -0.6080764532089233,
          -0.760623574256897,
          0.22736483812332153
        ],
        [
          0.5108652114868164,
          -0.5941299200057983,
          -0.6213101148605347
        ]
      ]
    ],
    "is_right": false,
    "scaled_focal_length": 967.5
  },
  "frame_000024_left": {
    "pred_cam_t": [
      -0.015813805162906647,
      -0.23645970225334167,
      2.2607271671295166
    ],
    "global_orient": [
      [
        [
          0.4362145662307739,
          -0.7563074827194214,
          0.48756101727485657
        ],
        [
          -0.6740720868110657,
          -0.6335836052894592,
          -0.37973493337631226
        ],
        [
          0.5961070656776428,
          -0.16300532221794128,
          -0.7861841320991516
        ]
      ]
    ],
    "is_right": false,
    "scaled_focal_length": 967.5
  },
  "frame_000265_left": {
    "pred_cam_t": [
      0.21236872673034668,
      -0.040692396461963654,
      1.9895862340927124
    ],
    "global_orient": [
      [
        [
          -0.025147685781121254,
          0.16877375543117523,
          0.9853339195251465
        ],
        [
          -0.631009042263031,
          -0.7671595215797424,
          0.11529894918203354
        ],
        [
          0.7753677368164062,
          -0.6188551187515259,
          0.1257900446653366
        ]
      ]
    ],
    "is_right": false,
    "scaled_focal_length": 967.5
  },
  "frame_000268_left": {
    "pred_cam_t": [
      0.2199292629957199,
      -0.024852566421031952,
      2.012795925140381
    ],
    "global_orient": [
      [
        [
          -0.03383806720376015,
          0.19897229969501495,
          0.9794207215309143
        ],
        [
          -0.6270946264266968,
          -0.7672935128211975,
          0.134212464094162
        ],
        [
          0.7782077193260193,
          -0.6096479892730713,
          0.1507381945848465
        ]
      ]
    ],
    "is_right": false,
    "scaled_focal_length": 967.5
  },
  "frame_000378_left": {
    "pred_cam_t": [
      -0.021331466734409332,
      -0.09715376794338226,
      1.6252628564834595
    ],
    "global_orient": [
      [
        [
          -0.2709071636199951,
          0.20461389422416687,
          0.9406075477600098
        ],
        [
          -0.6624968647956848,
          -0.7485421299934387,
          -0.027974490076303482
        ],
        [
          0.6983604431152344,
          -0.630728006362915,
          0.33834147453308105
        ]
      ]
    ],
    "is_right": false,
    "scaled_focal_length": 967.5
  },
  "frame_000459_left": {
    "pred_cam_t": [
      0.12443992495536804,
      -0.01298418641090393,
      2.36712384223938
    ],
    "global_orient": [
      [
        [
          0.4836350679397583,
          -0.7461585998535156,
          0.457541823387146
        ],
        [
          -0.8062572479248047,
          -0.5832381248474121,
          -0.09890644997358322
        ],
        [
          0.34065574407577515,
          -0.3210618197917938,
          -0.8836701512336731
        ]
      ]
    ],
    "is_right": false,
    "scaled_focal_length": 967.5
  },
  "frame_000103_left": {
    "pred_cam_t": [
      -0.11152093857526779,
      -0.13064813613891602,
      1.716719627380371
    ],
    "global_orient": [
      [
        [
          0.3451458811759949,
          -0.21317696571350098,
          0.9140185117721558
        ],
        [
          -0.5247249603271484,
          -0.8512716889381409,
          -0.0003991919511463493
        ],
        [
          0.7781632542610168,
          -0.47947055101394653,
          -0.40567219257354736
        ]
      ]
    ],
    "is_right": false,
    "scaled_focal_length": 967.5
  },
  "frame_000156_left": {
    "pred_cam_t": [
      -0.057657912373542786,
      -0.055297788232564926,
      2.2638678550720215
    ],
    "global_orient": [
      [
        [
          0.39775821566581726,
          -0.21926462650299072,
          0.8909048438072205
        ],
        [
          -0.7643665075302124,
          -0.6162793636322021,
          0.18958793580532074
        ],
        [
          0.5074763298034668,
          -0.7563880085945129,
          -0.4127286970615387
        ]
      ]
    ],
    "is_right": false,
    "scaled_focal_length": 967.5
  },
  "frame_000259_left": {
    "pred_cam_t": [
      0.15949398279190063,
      -0.06978088617324829,
      1.8238208293914795
    ],
    "global_orient": [
      [
        [
          -0.12093298137187958,
          0.12182600796222687,
          0.9851567149162292
        ],
        [
          -0.5642567873001099,
          -0.8249495625495911,
          0.03274917975068092
        ],
        [
          0.8166943192481995,
          -0.5519208312034607,
          0.1685047596693039
        ]
      ]
    ],
    "is_right": false,
    "scaled_focal_length": 967.5
  },
  "frame_000823_left": {
    "pred_cam_t": [
      -0.08109787851572037,
      0.04048272967338562,
      1.9816967248916626
    ],
    "global_orient": [
      [
        [
          -0.2621214985847473,
          -0.2533346116542816,
          0.9311894774436951
        ],
        [
          -0.7501394152641296,
          -0.5535558462142944,
          -0.3617550730705261
        ],
        [
          0.6071104407310486,
          -0.7933458089828491,
          -0.04493739455938339
        ]
      ]
    ],
    "is_right": false,
    "scaled_focal_length": 967.5
  },
  "frame_000892_left": {
    "pred_cam_t": [
      -0.006747528910636902,
      0.024860084056854248,
      2.1174468994140625
    ],
    "global_orient": [
      [
        [
          -0.10763012617826462,
          -0.335593044757843,
          0.9358382225036621
        ],
        [
          -0.8158887624740601,
          -0.5080685019493103,
          -0.27602899074554443
        ],
        [
          0.5681033134460449,
          -0.7932488322257996,
          -0.21912312507629395
        ]
      ]
    ],
    "is_right": false,
    "scaled_focal_length": 967.5
  },
  "frame_000224_left": {
    "pred_cam_t": [
      -0.0359773114323616,
      -0.0789872258901596,
      1.7188889980316162
    ],
    "global_orient": [
      [
        [
          -0.3204949200153351,
          0.019576899707317352,
          0.9470478892326355
        ],
        [
          -0.5424556136131287,
          -0.8234086036682129,
          -0.16655386984348297
        ],
        [
          0.7765467166900635,
          -0.5671111345291138,
          0.27451786398887634
        ]
      ]
    ],
    "is_right": false,
    "scaled_focal_length": 967.5
  },
  "frame_000989_left": {
    "pred_cam_t": [
      -0.030865982174873352,
      0.037155598402023315,
      1.9412614107131958
    ],
    "global_orient": [
      [
        [
          0.09972304850816727,
          0.9815717935562134,
          0.163009911775589
        ],
        [
          -0.7731046080589294,
          -0.026697717607021332,
          0.633716344833374
        ],
        [
          0.6263899803161621,
          -0.18921983242034912,
          0.7561953067779541
        ]
      ]
    ],
    "is_right": false,
    "scaled_focal_length": 967.5
  },
  "frame_000375_left": {
    "pred_cam_t": [
      -0.0257609561085701,
      -0.09627039730548859,
      1.6500599384307861
    ],
    "global_orient": [
      [
        [
          -0.2575351595878601,
          0.19186238944530487,
          0.9470292925834656
        ],
        [
          -0.6576128005981445,
          -0.7528969049453735,
          -0.02629888616502285
        ],
        [
          0.7079696655273438,
          -0.6295514702796936,
          0.3200685679912567
        ]
      ]
    ],
    "is_right": false,
    "scaled_focal_length": 967.5
  },
  "frame_000210_left": {
    "pred_cam_t": [
      -0.1159542128443718,
      -0.0072751715779304504,
      2.025393486022949
    ],
    "global_orient": [
      [
        [
          -0.4405214190483093,
          0.01678876392543316,
          0.8975851535797119
        ],
        [
          -0.5681741833686829,
          -0.7793182730674744,
          -0.2642747759819031
        ],
        [
          0.6950676441192627,
          -0.6264033913612366,
          0.35284534096717834
        ]
      ]
    ],
    "is_right": false,
    "scaled_focal_length": 967.5
  },
  "frame_000460_left": {
    "pred_cam_t": [
      0.126947283744812,
      -0.017467789351940155,
      2.27557635307312
    ],
    "global_orient": [
      [
        [
          0.5099318623542786,
          -0.7429152727127075,
          0.4336431622505188
        ],
        [
          -0.7882412672042847,
          -0.6054064035415649,
          -0.11026668548583984
        ],
        [
          0.3444491922855377,
          -0.285586953163147,
          -0.8943125009536743
        ]
      ]
    ],
    "is_right": false,
    "scaled_focal_length": 967.5
  },
  "frame_000497_left": {
    "pred_cam_t": [
      0.21753555536270142,
      -0.020818889141082764,
      2.2689735889434814
    ],
    "global_orient": [
      [
        [
          -0.09615038335323334,
          0.04040387645363808,
          0.9945464134216309
